0 0.855665 0.516852 0.011521 0.068025
0 0.885255 0.485792 0.014245 0.061353
0 0.918658 0.520667 0.014226 0.064849
0 0.171676 0.878474 0.016033 0.078206
0 0.206164 0.938039 0.011962 0.029491
0 0.183252 0.917289 0.014730 0.062086
0 0.231364 0.926043 0.011000 0.053950
0 0.190913 0.880879 0.009960 0.037212
0 0.858587 0.316355 0.007786 0.057811
0 0.953852 0.390450 0.006870 0.054554
0 0.991867 0.395743 0.008702 0.060253
0 0.341041 0.940464 0.011450 0.065139
0 0.298904 0.936800 0.015114 0.056182
0 0.300049 0.920923 0.010992 0.060253
0 0.205471 0.813851 0.012366 0.074095
0 0.196082 0.798788 0.012824 0.066767
0 0.209822 0.774361 0.010076 0.073281
0 0.219669 0.783318 0.010534 0.081423
0 0.388215 0.891203 0.016946 0.069210
0 0.355468 0.929879 0.013740 0.078166
0 0.259744 0.928658 0.015572 0.067581
0 0.274401 0.923366 0.015572 0.056996
0 0.184173 0.878176 0.010076 0.065953
